Namespace(dist=3, out='find_threshold_output', dist2=7, samples=100000, plow=0.82, phigh=0.87, steps=10)
 Xflips
[[0 0 0 0 0 0 0]
 [1 0 0 0 0 0 0]
 [0 0 0 0 0 0 0]
 [1 0 0 0 0 0 0]
 [0 0 0 0 0 0 0]
 [0 0 0 1 0 0 0]
 [0 0 0 1 0 0 0]
 [0 0 0 0 0 0 0]
 [0 0 0 0 0 0 0]
 [0 0 0 0 0 0 0]
 [0 0 0 0 0 1 0]
 [0 0 1 0 1 0 0]
 [1 0 1 0 0 0 0]
 [0 0 0 0 0 0 0]]
 Zflips
[[0 0 0 0 0 0 0]
 [1 0 0 0 0 0 0]
 [0 0 0 0 0 0 0]
 [1 0 0 0 0 0 0]
 [0 0 0 0 0 0 0]
 [0 0 0 0 0 0 0]
 [0 0 0 0 0 0 0]
 [0 1 0 0 0 0 0]
 [0 0 0 0 0 0 0]
 [0 0 0 0 0 0 0]
 [0 0 0 0 0 0 0]
 [0 0 0 0 1 0 0]
 [1 0 1 0 0 0 0]
 [0 0 0 0 0 0 0]]
program over.
into args.dist2
find_threshold start.
new!
Count:  1
 into step p:  0.845
1 / estimate:  1.18795
1 / high.x:  [1.17827357]
1 / low.x:  [1.19762643]
